[GUI]
node_display_size=100.000000
node_text_display_ratio=4.000000
[coordinate_info]
mile_as_unit_of_length=1
long_lat_flag=0
[background_image_coordinate_info]
left=0.000000
bottom=0.000000
right=1000.000000
top=1000.000000
width=1.000000
